Interval Start,Interval End,Interval Complete,Filters,Agent Id,Agent Name,Logged In,On Queue,Idle,Off Queue,Interacting
2025-07-28 11:40:00,2025-07-28 12:40:00,0.0,,9b585b97-8826-4653-9363-696d3fa4570e,Peter Baker,10134151,8302393,2208922,1831758,6093471
2025-07-28 11:40:00,2025-07-28 12:40:00,0.0,,a16bfe90-f4bd-4b7c-af6e-881454647f5f,Eve Adams,12331810,9268607,7082228,3063203,2186379
2025-07-28 11:40:00,2025-07-28 12:40:00,0.0,,1be98524-f56c-41bb-a6ff-3e14bb3dfb84,Judy Walker,24198977,18852726,1852923,5346251,16999803
2025-07-28 11:40:00,2025-07-28 12:40:00,0.0,,a10dac0a-bb6c-4eb3-81df-d8f45f96770f,Marie King,7528059,6878951,6689718,649108,189233
2025-07-28 11:40:00,2025-07-28 12:40:00,0.0,,08f54f08-058a-4e0b-9ec4-a738a595da3c,Charlie Brown,15053283,14191999,3684401,861284,10507598
2025-07-28 11:40:00,2025-07-28 12:40:00,0.0,,6c7bba2a-d8ec-4b53-9934-cf52606b282a,Alice Smith,25886494,24023017,1785703,1863477,22237314
2025-07-28 11:40:00,2025-07-28 12:40:00,0.0,,7b6c2d91-3f28-4e66-b2a1-5f9e2f8d3a4b,Victor Ramirez,12176433,11011545,3864072,1164888,7147473
2025-07-28 11:40:00,2025-07-28 12:40:00,0.0,,5d3eedaf-cbf2-4fdc-aaf9-2e39f1c21e12,Heidi Clark,26603795,22906395,6847008,3697400,16059387
